   n  posicion pa  intervalo  valor    posicion mw  intervalo   valor       retar  n    posi-qrs  paciente = a01    

   frecuencia de muestreo =1000

     1          276            811       -9.974           333            805       10.000           57        1           275
     2         1087            794       -9.922          1138            791        9.919           51        2          1087
     3         1881            693       -9.491          1929            694        9.740           48        3          1880
     4         2574            693       -8.956          2623            692        9.770           49        4          2573
     5         3267            806       -9.255          3315            801        9.440           48        5          3267
     6         4073            783      -10.210          4116            790       10.722           43        6          4073
     7         4856            691       -9.607          4906            689       10.001           50        7          4855
     8         5547            713       -8.251          5595            725        9.156           48        8          5546
     9         6260            805       -9.778          6320            804        9.826           60        9          6260
    10         7065            764      -10.310          7124            756       10.346           59       10          7065
    11         7829            700       -9.409          7880            698       10.077           51       11          7829
    12         8529            738       -9.356          8578            748        9.419           49       12          8528
    13         9267            791       -9.804          9326            791       10.186           59       13          9266
    14        10058            746      -10.035         10117            749       10.004           59       14         10058
    15        10804            721       -9.928         10866            710       10.132           62       15         10804
    16        11525            756       -9.314         11576            751       10.145           51       16         11525
    17        12281            767      -10.421         12327            771       10.374           46       17         12280
    18        13048            737       -9.841         13098            746        9.927           50       18         13047
    19        13785            748       -9.757         13844            737        9.845           59       19         13785
    20        14533            763      -10.247         14581            774       11.056           48       20         14533
    21        15296            735      -10.518         15355            726       11.549           59       21         15296
    22        16031            741       -8.669         16081            737        8.465           50       22         16031
    23        16772            775      -10.666         16818            788       11.914           46       23         16772
    24        17547            753       -9.401         17606            746        9.618           59       24         17547
    25        18300            711       -9.874         18352            709       11.100           52       25         18300
    26        19011            752       -9.754         19061            749        9.917           50       26         19011
    27        19763            795      -11.014         19810            807       12.575           47       27         19763
    28        20558            733       -9.893         20617            720        9.703           59       28         20558
    29        21291            695       -9.656         21337            702       10.569           46       29         21290
    30        21986            768       -9.755         22039            774       11.262           53       30         21985
    31        22754            806      -10.398         22813            795       10.204           59       31         22754
    32        23560            712      -10.250         23608            711       10.645           48       32         23560
    33        24272            685       -9.555         24319            688       10.010           47       33         24272
    34        24957            784       -9.448         25007            779       10.023           50       34         24957
    35        25741            809      -10.792         25786            814       11.102           45       35         25740
    36        26550            699       -9.969         26600            700        9.666           50       36         26550
    37        27249            681       -9.618         27300            681        9.613           51       37         27248
    38        27930            790       -9.827         27981            796        9.767           51       38         27929
    39        28720            812      -10.701         28777            804       10.136           57       39         28719
    40        29532            695      -10.211         29581            698       10.041           49       40         29531
    41        30227            678       -9.320         30279            678        9.636           52       41         30227
    42        30905            788      -10.039         30957            794       10.635           52       42         30905
    43        31693            814      -10.958         31751            814       11.796           58       43         31693
    44        32507            701      -10.250         32565            693       10.117           58       44         32507
    45        33208            677       -9.705         33258            676       10.791           50       45         33208
    46        33885            781       -9.739         33934            792        9.649           49       46         33884
    47        34666            817      -10.602         34726            815        9.909           60       47         34665
    48        35483            708       -9.690         35541            700        9.245           58       48         35483
    49        36191            679       -9.672         36241            679       11.224           50       49         36191
    50        36870            772       -9.841         36920            780        9.926           50       50         36869
    51        37642            813      -10.607         37700            815       10.076           58       51         37642
    52        38455            719       -9.820         38515            722        9.137           60       52         38454
    53        39174            685       -9.747         39237            673        9.511           63       53         39173
    54        39859            768       -9.864         39910            775        9.817           51       54         39859
    55        40627            805      -10.487         40685            806       10.090           58       55         40627
    56        41432            725      -10.427         41491            712       10.386           59       56         41432
    57        42157            697       -9.717         42203            702        9.405           46       57         42157
    58        42854            766       -9.896         42905            773        9.815           51       58         42854
    59        43620            793      -10.424         43678            796       10.102           58       59         43620
    60        44413            728      -10.314         44474            716       10.227           61       60         44413
    61        45141            710       -9.786         45190            712        9.953           49       61         45141
    62        45851            768       -9.983         45902            777       10.177           51       62         45851
    63        46619            782      -10.468         46679            785       10.410           60       63         46619
    64        47401            727       -9.681         47464            715        8.738           63       64         47401
    65        48128            720       -9.782         48179            719       10.245           51       65         48128
    66        48848            774       -9.722         48898            771        9.374           50       66         48848
    67        49622            773      -10.040         49669            776        9.091           47       67         49622
    68        50395            719      -10.004         50445            720        9.997           50       68         50395
    69        51114            727       -9.679         51165            725        9.626           51       69         51114
    70        51841            784      -10.162         51890            794       10.271           49       70         51841
    71        52625            765      -10.246         52684            756        9.961           59       71         52625
    72        53390            706      -10.123         53440            706       11.672           50       72         53390
    73        54096            734       -9.601         54146            743        9.748           50       73         54096
    74        54830            800      -10.060         54889            783        9.894           59       74         54830
    75        55630            753      -10.426         55672            773        9.894           42       75         55630
    76        56383            691       -9.752         56445            679        9.597           62       76         56383
    77        57074            742       -9.596         57124            751        9.941           50       77         57074
    78        57816            812      -10.573         57875            813       10.525           59       78         57816
    79        58628            739       -9.832         58688            743        9.407           60       79         58628
    80        59367            479       -9.869         59431            471       10.660           64       80         59367
    81        59846         -59846       -4.957         59902         -59902        0.690           56       81         59846
 RMAX =       1.000   Factor d'escala senyal
 PA_RMAX =49176264.000   Factor d'escala senyal    passa_alt
 PB_RMAX =    2073.095   Factor d'escala senyal    passa_baix
