   n  posicion  a01    

   frecuencia de muestreo =1000
     posicion en milisegundos

     1            275.
     2           1087.
     3           1880.
     4           2573.
     5           3267.
     6           4073.
     7           4855.
     8           5546.
     9           6260.
    10           7065.
    11           7829.
    12           8528.
    13           9266.
    14          10058.
    15          10804.
    16          11525.
    17          12280.
    18          13047.
    19          13785.
    20          14533.
    21          15296.
    22          16031.
    23          16772.
    24          17547.
    25          18300.
    26          19011.
    27          19763.
    28          20558.
    29          21290.
    30          21985.
    31          22754.
    32          23560.
    33          24272.
    34          24957.
    35          25740.
    36          26550.
    37          27248.
    38          27929.
    39          28719.
    40          29531.
    41          30227.
    42          30905.
    43          31693.
    44          32507.
    45          33208.
    46          33884.
    47          34665.
    48          35483.
    49          36191.
    50          36869.
    51          37642.
    52          38454.
    53          39173.
    54          39859.
    55          40627.
    56          41432.
    57          42157.
    58          42854.
    59          43620.
    60          44413.
    61          45141.
    62          45851.
    63          46619.
    64          47401.
    65          48128.
    66          48848.
    67          49622.
    68          50395.
    69          51114.
    70          51841.
    71          52625.
    72          53390.
    73          54096.
    74          54830.
    75          55630.
    76          56383.
    77          57074.
    78          57816.
    79          58628.
    80          59367.
    81          59846.
 RMAX =       1.000   Factor d'escala senyal
 PA_RMAX =49176264.000   Factor d'escala senyal   passa_alt
 PB_RMAX =    2073.095   Factor d'escala senyal   passa_baix
